              precision    recall  f1-score   support

           1       0.84      0.87      0.86       337
           2       0.72      0.97      0.83       424
           3       0.84      0.51      0.64       283
           4       0.77      0.57      0.66       287
           5       0.96      0.48      0.64       228
           6       0.21      0.20      0.20       126
           7       0.98      0.94      0.96       143
           8       0.64      0.41      0.50       203
           9       0.75      0.95      0.84       141
          10       0.74      0.83      0.78       249
          11       0.72      0.88      0.79       315
          12       0.60      0.68      0.64       279
          13       0.56      0.73      0.64       205
          14       0.35      0.02      0.05       289
          15       0.50      0.10      0.17        60
          16       0.60      0.84      0.70        31
          17       0.07      0.35      0.12        31
          18       0.67      0.77      0.72       111
          19       0.45      0.54      0.49        93
          20       0.28      0.58      0.38        48
          21       0.38      0.08      0.14        61
          22       0.39      0.42      0.41        59
          23       0.59      0.88      0.71        82
          24       0.56      0.78      0.65        55
          25       0.35      0.58      0.44        81
          26       0.11      0.21      0.15        68
          27       0.17      0.29      0.21       127
          28       0.40      0.24      0.30        78
          29       0.59      0.16      0.25       151

    accuracy                           0.61      4645
   macro avg       0.54      0.55      0.51      4645
weighted avg       0.63      0.61      0.59      4645
